91
302.57486,169.31506
371.99887,168.2867
453.5833,166.72198
526.77594,167.68456
603.0282,167.39264
682.6085,173.09103
256.7257,234.48085
335.00296,238.88913
412.5439,235.86476
489.90488,236.19247
569.1195,235.33704
646.91254,236.28279
720.1979,236.50914
216.87744,301.4204
293.0292,300.8269
370.1579,304.62073
454.35785,299.37958
528.39197,299.56467
609.0486,299.59988
685.3257,296.87393
763.6911,300.18448
827.9797,304.40735
172.36467,369.05307
254.64241,371.51285
334.57968,368.37454
406.9168,366.9485
489.36838,370.8443
567.0688,369.9312
642.6521,369.17648
718.94025,368.36035
800.985,368.27243
139.37585,441.70474
215.9189,439.7709
294.00928,439.27173
375.00824,432.81915
450.4516,437.9472
528.2817,435.50702
601.1032,434.81052
684.14825,440.48843
758.2402,442.50812
837.96063,434.6503
176.21925,510.06384
258.08032,504.90875
332.70477,503.18442
413.00272,501.7167
487.75537,508.78906
566.5419,501.47668
647.36005,505.58624
718.8095,501.03558
799.97644,503.93793
140.87985,572.1704
218.68303,569.7513
297.01495,568.7654
370.05624,573.2386
452.09775,574.96643
527.09247,572.0392
609.0449,573.1482
683.59155,568.79565
762.58734,573.64417
838.0591,577.9578
179.30444,638.3897
253.50142,637.37177
336.15228,638.5697
413.06586,639.85864
486.8268,640.1052
568.8503,642.7041
643.95715,635.8928
723.7929,642.4093
796.6122,642.3745
213.14949,703.9342
292.45667,706.41724
369.942,704.7009
446.32663,707.50507
526.76355,709.90717
603.1651,708.2216
683.5503,702.7881
767.8704,706.69434
835.3963,694.3252
251.10056,773.95526
334.2421,771.4375
412.32315,773.8606
486.4792,774.92126
564.213,773.54
643.9648,773.7843
719.61237,775.97577
301.41522,829.3919
370.7454,841.71564
451.02075,842.4356
528.24805,840.3337
608.91907,841.17365
686.6171,832.3166
