91
294.44446,167.35753
372.22223,167.35753
450.0,167.35753
527.7778,167.35753
605.55554,167.35753
683.3334,167.35753
255.55556,234.71506
333.33334,234.71506
411.1111,234.71506
488.8889,234.71506
566.6667,234.71506
644.44446,234.71506
722.2222,234.71506
216.66667,302.07257
294.44446,302.07257
372.22223,302.07257
450.0,302.07257
527.7778,302.07257
605.55554,302.07257
683.3334,302.07257
761.11115,302.07257
838.8889,302.07257
177.77777,369.4301
255.55556,369.4301
333.33334,369.4301
411.1111,369.4301
488.8889,369.4301
566.6667,369.4301
644.44446,369.4301
722.2222,369.4301
800.0,369.4301
138.88889,436.78766
216.66667,436.78766
294.44446,436.78766
372.22223,436.78766
450.0,436.78766
527.7778,436.78766
605.55554,436.78766
683.3334,436.78766
761.11115,436.78766
838.8889,436.78766
177.77777,504.14517
255.55556,504.14517
333.33334,504.14517
411.1111,504.14517
488.8889,504.14517
566.6667,504.14517
644.44446,504.14517
722.2222,504.14517
800.0,504.14517
138.88889,571.5027
216.66667,571.5027
294.44446,571.5027
372.22223,571.5027
450.0,571.5027
527.7778,571.5027
605.55554,571.5027
683.3334,571.5027
761.11115,571.5027
838.8889,571.5027
177.77777,638.8602
255.55556,638.8602
333.33334,638.8602
411.1111,638.8602
488.8889,638.8602
566.6667,638.8602
644.44446,638.8602
722.2222,638.8602
800.0,638.8602
216.66667,706.2178
294.44446,706.2178
372.22223,706.2178
450.0,706.2178
527.7778,706.2178
605.55554,706.2178
683.3334,706.2178
761.11115,706.2178
838.8889,706.2178
255.55556,773.5753
333.33334,773.5753
411.1111,773.5753
488.8889,773.5753
566.6667,773.5753
644.44446,773.5753
722.2222,773.5753
294.44446,840.9328
372.22223,840.9328
450.0,840.9328
527.7778,840.9328
605.55554,840.9328
683.3334,840.9328
